712
5742
4477
5311110
2244
54670067
5610
5862
5892
3715
89594
1148
16760658
16684434
3767
1245
2331
119
5943
750
5950
5951
5959
753
751
5960
5961
33032
5962
67678
5818
5974
1176
5984
5988
1030
5994
444679
2519
6013
4055
6019
60961
439153
171548
644160
3037556
135398658
321710
938
5447130
6053
6057
66449
6058
1567
3283
564
1150
1639
6106
6108
4754
6119
6128
6137
5333
6140
1001
702
284
176
5240
54704426
5505
1054
243
1174
6202
6604200
6207
237332
6211
887
3776
180
6212
679
6228
23663979
338
6254
1188
6259
6264
6271
6274
1031
597
263
1103
6287
6288
6305
190
6306
6322
6329
6341
6342
713
6363
1146
6375
6386
6396
6405
6409
6416
6421
6422
64944
6450
6495
6497
6503
6544
6557
6570
880
6579
1032
6581
300
757
107689
6598
638014
65723
6694
65732
1369
2151
6735
6736
222284
6755
493570
6817
6853
6854
892
6912
6919
6959
6989
1491
460
7013
92733
7027
7037
7041
7047
323
7118
7121
7122
637776
5281426
7144
7148
7149
5354280
7213
7221
2733
7276
7298
3314
853433
7361
7362
7363
7391
7393
7405
7409
7410
936
1046
7417
7420
7433
72
7454
7469
135
980
7478
7479
7485
7489
7498
7500
7501
7504
7507
244
240
7519
7520
66853
5372813
7611
7618
637520
637758
66898
5282110
7668
7678
999
1983
7702
7706
7707
5315892
5354883
66038
7738
7766
7767
7768
7789
637566
7802
2879
4685
7813
4650
7834
7835
7852
3301
33
174
7860
7870
7895
264
637090
1088
7900
7908
7909
7918
7921
7937
7947
1140
7965
7966
7967
996
53167
8000
8007
8010
8021
8027
8028
1127
8035
1110
8037
8038
8051
8058
8060
1045
175854
8079
1049
8080
8083
8093
8094
5192
8102
8103
8105
3485
8113
8117
356
8125
8127
8143
957
8193
8201
8209
23662274
23667645
8273
227
135403800
8411
8419
67114
798
289
8467
1183
8468
8471
8472
8487
8496
67144
31211
31234
31242
126
785
31261
31268
5603
67164
31275
31276
196
379
1102
674
31344
1060
31374
5282108
5372174
67184
8530
23666409
23661981
65464
23667548
4284
8655
444539
8785
8815
67326
700
2723810
8857
867
8882
23672308
8900
8909
3893
8929
516892
439655
145742
1923
222285
370
978
8761
994
3423265
9032
9068
997
64961
9229
9244
67511
9246
67512
67513
795
516893
9281
9285
16760467
9309
107812
9321
31040
1738
71077
21236
51
5924
4784
689043
2969
71080
95556
222958
23668194
23690444
6364608
4421
1548943
67883
9845
2724141
9889
9905
5280953
4173
96744
79014
9967
120248
969516
68022
273
1201518
159055
10112
2723800
3806
10215
10236
10250
73399
6912
94154
10297
95447
10298
10315
10328
5321950
439723
10340
10341
62348
2214
107
68148
10394
637542
10434
79034
517111
10563
10635
135513128
10667
10701
10712
637775
269271
5460005
849
325
10822
5280507
445858
10867
2723923
516871
10931
10932
10976
10992
11009
11057
11092
11105
541
11163
11164
5280451
11205
11236
11240
11250
11313
23673837
122158
853018
11430
11506
11378442
2735122
11545
11568
11597
11610
92817
11723
11747
58
11748
11776
11787
69068
2724710
11850
95259
11914
69153
69161
2734864
69189
11978
9475
12035
12088
69302
5273472
125
69334
12192
2760933
69374
12297
12332
12367
517165
12449
135442941
69462
69484
12570
69522
12577
64801
12580
69568
71567
69635
64149
69731
824
12991
69828
13035
69867
69872
69911
13097
69980
699414
13246
70067
2723854
13397
70134
23676735
397
13472
517096
13546
13566
13642
13726
13803
13872
14013
71598
2737793
14079
864
70652
14180
14195
439586
517232
70684
65550
66250
70761
439373
14327
70807
70815
14457
14484
14516
70949
70966
10255083
16211214
14797
3939
14798
6326975
14923
95592
637516
73727
640199
5324631
5463514
252446
15439
6857365
5354135
92162
74505
83887
159630
80293
74663
15938
2256
164825
16015
2734687
73064
74828
16237
16486
2733200
2723788
75190
683563
135398660
16724
92174
16822
16907
16916
16938
2724411
239041
5280590
17170
17174
17190
17198
92930
17262
2724126
17466
75798
75818
62453
52945042
75908
17608
95421
62465
10932
76360
91525
439227
18369
76654
76720
98766
76977
161658
61300
19118
19186
11147670
5706670
19700
77487
643189
85902
736681
77687
61336
72790
259994
439846
73272
545297
641773
20374
78090
20427
20486
78165
20551
78231
20712
737155
107319
20908
62551
72924
5459840
79177
23669624
93002
93575
93003
230282
79723
122755
193411
170358
22230
2724192
104938
439194
17749140
440311
17749233
61363
12598458
23665404
181978
517383
5126
8567
73508
80642
23615261
165453
44120005
23695977
22985
65098
226486
246677
439538
23327
81445
81462
101929
23539
104827
5280489
23831
65182
81911
5359268
139022
5462310
62640
4873
433294
24083
24085
1738118
5366244
444041
24247
23665763
24268
23668193
5727
313
5234
253881
1004
222
4875
5235
656671
5238
944
5362487
24380
516875
962
24434
24437
516910
23668197
24463
24470
24489
24502
62657
516951
24507
62662
6097028
24540
24544
197097
24561
62668
443495
23667635
24643
24644
516859
159480023
44135711
441411
64689
9369
135401907
71571511
5590
9865515
16211032
11966311
71853
24802564
168266255
133358
20849066
9837674
177577
24843
6093260
82313
61456
24905
61473
5284429
61475
24934
165815
16211258
24947
24956
61482
25037
150191
66295
442428
66308
23670855
25289
159295
2733526
21226163
156595897
83064
13819885
83384
202877
3084150
16211656
22463763
2793719
26250
11953895
26548
5018304
439799
84953
23673181
3672
455658
85255
134717
4311764
439616
2724100
28781
4376
28928
6419976
140387
21585214
89262
12797869
529893
114705
2724393
549273
270260
89666
89853
90439
2734411
90466
225936
32510
597180
641294
32881
441374
643312
2723939
22812950
2735073
33557
193619
10888034
7015702
6326776
14513727
169078
16240279
35703
23777801
36143
94433
9877530
23686673
71464062
16211464
46783551
37927
441246
170197
3428875
10932746
142785
170973
2756
2734570
556330
853019
676493
2761540
6934230
5460455
9881151
73264
11768502
135472945
198430
112939
64774
10999161
16641252
125132
3033332
222536
932
105482
135537156
21908873
53486154
24773
16218837
66898
172366
114880
172404
123564
155448
23673676
10996974
2761768
2733480
3033895
643324
101293
10176122
24820433
2734697
2734019
7019277
159087
114982
2734445
167312541
6934243
6950175
2764540
3520574
2796029
3005642
56972821
10560626
14731979
66587205
16213556
12677290
441245
23679061
24892836
2761557
447688
2761791
53536950
1051
16211746
51340986
